$ANSIBLE_VAULT;1.1;AES256
31623936373062376338393634643731316130306135666133653263353735613133346266623530
3738666336323532633861633461393238633063393336380a313466633531636132336636646635
65636337343438636437636535666264353232373934346335636463396335623061393539333164
6462623263646131620a336166306433633836663561306639646465336633643865643864353462
64313533656465626166656566653464333831383633666161393335633363333863376635663037
35303032626464383561363565643639623636626636323262643837303761373466643961393539
30623533643638653132666631343666303035613031393461363762383539336632373836663366
61323966363839383536323264613363393530623133343665633730313737303165653137373531
63323766346161636530633936356337356630633962323766393532383432383634356139303633
63623265366163626264646235323439336433336331336131613438306139363636616335303966
33373635633738313461613430313766323461303662623263636236343435373534323235666437
66663639623238303161343333386530616431333764653438343739363134333361326639383536
62633362626235666565633337623834633837333137303836363839396161383666323662613165
63383233663230366234336261306365336436623538663762323031613830633163393165633832
32383961633532326665636365316564633564333232363739333262346665356330356465386337
32336139653832333961386565633731333030306532383165626432383134316365396233303634
64303964396630373736633039333935626234306437626662646463333334613761376639353833
35316334313063343234633234373530633039656331613130316430373634393936323631326161
65346336386333343161336639303931333965313831636133613734363863333861363266326337
38636339363766663864643037316233356138666531306530363761323931333363646333626632
61346633363135316365663737376132393433306535333830623935623166386237373737633565
37313437343462343461383734653830373432663261643963313834616365363163373563613861
63656334346634666635333634396663633663643330343237623437326561326164636633646265
64363234623264663332313764353132303964363037656139303633326638396564306530336563
65343932323135623331656539616465636231653039363438343636653533356661306464383964
63363334333234306638366164663033366364313465646662646265303732333435636432326531
66333965623566313031646331636566343332383964303563313235376135316432616336656237
66616630393432316439613862373931373662353561373633356436656432316233326639373937
64333233323361643837323530363035656232643863653561346633366236333765356161666336
65383535626435353562343338373065313132616530346339303564363534613765383331373339
62613130626461316163656431383663663430326332643264343639643832623930303035666138
64313039613464623564326664616261653262303236366138303763356233326238333462306133
34353364343732356363663565646561366365643938643066346133333338386437363736623839
39373134313534343936356539353666376662646134366330323337323465363361613330643238
65666133323762356138663433333164316266666236666135396264333462353266616130336661
64386431313638613239383830353634393566386236366537376230393832333866656362343730
33343230336361323963633238653461313438323861623563643134323761643532306561386165
37633833386365633634333838666232333736393364346234643265653735316438393038636538
64366333363034323738343530373232353734326564343030393336656638373730633861336231
33353639646233653731643231306566303661333135623430316132333434663465353038356138
35376532623436306230343334303538643035663138383030376362396334613263363631353135
32363665623461333763336339386264656131653237613037373439626639653563353663366164
66353335343033363532643939383738383935303232316632333161393739333030303064643831
61623464316262623335323536333463663663376538663561313164333264383764356337386237
39343161383365616166653661303638316133643338333163653936353764643234613236306265
36643030616439383535363064373233613936663938633162643631323638346532336464383031
62343130613861343065623761383434656433383661636631336630323530353465363630653737
36393032313134306336353465663238336566656130363736653430383330373333353139333239
62383264373431303666636232363463376639326634393938613236653933383636366139313630
33343533313136326165373061613334306562653831336165643736366563646533303537306565
36303339326132613165343631343366326666643261396434636333323463663132613837306462
36656536653736366532373833633334343664663236383063656135343936613733306564383564
63643037313566303636363765336534336664386362623661363362663364623839333364393663
36353432643466363639623366613831313533306230366636623366363433316432333535343862
30303337313165393435346335643461333331386132653263653837383437326565646362393332
34306565303538373435343362353465323532393237373666363438353163346165303833353234
36396338636435383632303161353763396265666562643730646639306534373862636235656161
35343832336534343739383838343230646633663666653165636435653831366362366232356462
30643839366165376235383131626639336236633432333133653765616162633762343763656563
32353537393337336233376638633462396661326634646332376534616430356665323063333833
37643530643166353364613361633436383339326662666638383033626531663930303033373766
33653665306430623433626439616235366430393830373234363632356561383039356134326539
32316237633534613861333263643064656534653637643966353231626536333635386262303333
64306431326436383231323566636431373234313666626162643433643466636439613464386633
61643061626337633762616139653363313130663464356161333634313338643435343638626631
32646265366262363065343839303131643364623131633063626237623237343465373861636330
31373864313631643932653535383034653335643336653236663234363362633132346662626638
63616466653861616637313562653066313165376532383234656135386135323730636133333735
39366431316465346563333035633436336334663638396637383064643930356235663661393736
64336236623237326464303331353162623236323730363635376438393166326135323333303237
65343762316137656634666336323762663435353436636565653731653939333633323364346565
62393336633463343033356337336633613538633231386462393862356662323931653433323766
36306338333438333063666266313931656661343162636333393265666136313965356161653463
30313033643630323764613535396336616534353037323364376461653062643432343535303634
61623733343735323732393662333430316165336439623563613064353463313933646361326438
37623431386261646331343265326362326564623837613033353065386433323034343038313436
31386431353366326135653530333331306132306339613835666630396266653938663235613963
63613866373763373933306433306233393561643866323336316435376137373063346636333966
34336361623730636562643462396234383636356266623334356533323665613138633361373234
61313534656635313734353330303231316166343338666630653564666261326535333362363439
36613539373533386432386135326135343263326131343032373566383166633061633861646365
36373133303165386163626635653532363163633632386366303434653938343666383566313861
34616431363333653261356461366533323536333866663562333135626634626635366536383166
31343366336265366666613030366633366162393062666161386231366339636639656338396336
37376330356332613961663861663231343764666162663366643861366230313139643566613032
36376361373738393839373362383565346638386165656130643838646137626433363365363836
63616563383263323230656133646335653966646136633461626661373761353537613832303933
63386662656434636333643131623232346432623737343836363235643961323966303336333832
62666464633132653838646561656130396337303762366266396530386165353539353862333665
31316333373764326533663933323436333632313938623138376135623432303539623666353437
66383766656339663162326432653964396462613563353337336462356137646531366465616639
35323531376439333139373239343135313361363335313239616233343736346264643964303837
34643431636166643366323533616462336165303934616133616338663739383437313036616539
66656163653937663932626663306266343565656366313165303362343339623864623663643430
34366365633933636438633330313930343635656532323938326561636362633734393634346236
34336136616263646662326336643566623563326562613131343265336230336336626533373337
34353430323135663731633832623632386463346337616235623231373737623764333361383630
30393839313162613765323438313265306631336561323131316661333164383562323965336664
65323961323539303234653536353463383963633861346230313264313931303332353539353136
31636138393461616566316335666230663331363731343432393939623437323462633633643036
39356536613434343631666631663561623462376162643335633536666663376434333063666464
38336236623134616438333138346132353237366635333063373766353965336637333763393531
35383131396131333833303836646438316238646363333438623063616435326333633564613638
62663032343537323332346435356563386538613934343330386639653333643737363438303538
61396237373935623666356531313739656363623637623630626666316336613530393337393234
31663264343532306338636364326365373035366531623834396163316633366637616132306365
37383530656236323565643036393438336536616237643833373661323565626164623930326531
64613162636666326263663263626637333738653738356630643163346165633430313832323366
33636437653863656166313133666666373964303562333763336365353661663832626163353963
34383661666666663664326239326334616361653030313036353966316439646531613934396362
64303964643963366635666363333638636661623231306539373931396330383336636338626138
32396662373734316330303830313336643039313332326432353237346433663563323634346364
37353761616634303737353734383230316537373638653665633165333131623439366565383436
39313762336138633665393630343537383766633134363132353438393336616266366134336134
30336139636334666561653262653837346334396266613563393562653161326665376263653736
66303435653432393263383162333834313539636165363235356465643434383932373962643961
61383436666138383930333236376239366134393639656462616334656338343634306662396365
64373765643465613133666161376637346635636230616464623832373161343531323338396533
63663630346132313832626339646662653937383866646437663236356132623234656331646131
62626533353062323466396239633730373830393666643562663130383166643761666562666234
64623233356462343230336462653330336532353761376566623836333363326665666663316535
36323534303665623538316534323265663864393663353837373264343038333132316331386232
39643032383935666165336165663363396632373266656361326532336262316139643861663634
34653062313835333630633861666662646233353333313162663965313431363634373431353336
62383266343533616564643539643533323139663132653662666264613236343232353262353039
66633039626233323930353133376633333466363864616134633137663966366638633565643765
31323866653766373531353934356431313633323439316164356263656536646362663833383164
35323661663538346331356138316365623633613961323866633062613633613035616433626363
37303539333536323239613039326335356534386432313837326534393031653034393363303739
33386631646636376466326638373861343766626335323039643439336163303139373133353062
34326631333439643430383735663263346332376438373733633039383331336532346338353661
37383732613937333835396235333830623165643539363665626633663332313430386436393030
64646138306531663138666266616230383161313965373564396363323237323333343434626131
34326334356436366165616137393034636238386433333832386164316364666261343963326337
30626538643339356161336164343935396637346164386464373539343664326661633862303961
34373561363637393866366164616162366235353439653632663863643737623936356236616637
62386633643238643561646364653836383331353065356566383633313237323164306664313231
32643237616265613538666535663864663635356565303163373533356464373532633838326166
39356637393037663166373266636633323130653061643361316463326434633638386266613637
32316531323539623036646133323230643864313764623065663065313138333362333939653266
66323335663831353062663632626638623762333930363330383262313639623638613966366264
36613739336637623331313238326336646362363661653130346131613835316666323966353738
34383961393331356263643930346337343431646139623234663339376330653531366533343538
32383131326435336361663462383138336638653061623831373766343533306662613233653032
30643366643835653334333066343666623134363265626135353839303934373963383434366231
32666438626630646133323631383532643538343364316431663431346432376162373161613663
38653263653563396230616134316236373236363739313938643534666164346138663537336464
37333532633565303461383634303664373233393032626236646162663737373435386638666631
33663534643237343037396463343832356538333139636561663664356230396564633963313738
66633365626137643866383065323938396336373438356334356630306466383766373362633439
66333365643835656531313566316331313663393661346165656133373964356631353631396266
62313864313764303638333633636166353830386632643432366134633162356232323465386537
31653765653836396432366164653531633563396330313536373063376130376537626339333366
33626231383138636536653231323238326634343634346132346261623234393663383532663564
64333964343131356239663738393362353632326363646561626462336332363966656265613636
38366339323664646466376465366330626266373762373633356662303765353335316565353438
65313535623263376361633863633237613730383962383832336532616435643135356561646262
62616131653739326239663563393236633663373939356663646138653832643535376437653031
61313063366531393135303139303830653937663233393866376163303766353535353530623233
36633331396330383539346339393565363835336264333336333631613230333735373462363064
33373462663962313833373264346131643032336366383735633536656334373965303731636330
35363237626437343433393033343139616234653261396433376131346364373736336632646465
31313837623137373339653261393638383666613138323931373931656233303932356139363530
35383632313261653034363334653966366563323261616231313537313837393163396332333264
39653061306363643731636134306161623233333036663239646634313662316261653339626362
66393264656331633532626565633739313663346239303037653466383563643837666239643063
64316636663736633530373662333230373137313663356539356461376336323934323363323864
37646664336436613531613330646636326566636665323136386366346236373065383138613234
31323366663331386165623132383863383332303263356638303539666233386433376461343738
63313632393834663233623261323163623964323064613464346262353136323238656533633861
34633863643763303962346163326538666331363632396362346136646166376139343634626432
35643730653634366363616466666666623261373061306662666633623661366231343463343862
62666339653333313832343462623865653465396135376466336132376232623933666637643665
64353135353139393963373161333563363830663331373861633333313266313736353534636564
61376134346133623439656439373933383563373336333461396430373037373630353639383361
61326665356666366563643239383365646563646362313539376135313338663134343738313066
31666663336433613866353238313935643236363163656263646263636533313332303939383831
36323765303334343065663566373133393137373135333236376538666565306137633961633532
34333762333137336165633766613666373836336662643935643464316266633863346636313336
38376336383030356561306437386338356534373930643933343439303330313538643565613263
39626233313935326431306337663230623334393838636538343430613934366538363335343835
39306362326663643830343339616666313337346632336162356638656532343734386639373665
33636666323763613935366166323235333163343762613531303531623237616265343662646633
61646237393866393662616265383435613365326639623930613631663431643439653136376533
38376565353861343065303335303639306236663831386664343765616430366236376433343830
61633235316638613034393435356238326634636533616630356265383337623062383838613939
32376662396663353866303464613966383134393635653161303464306366363638626134616532
35616635343862663633386262363462303261343264613834346530313765323566346565626635
34306138663434336131336632623135623261343065366666633339663933633764613538316662
33666535646661393161666164353965386331343563653066396337373639333533366462313733
33656230326131613138376164623065303162613235626164303134333334313165363431323933
34396330316464323162643435613265313764376139623938313736326464333038373233656565
64376138323865356431616134623639373761383533326436393962313032343931356335636432
6138633337386666383366326333363761333738356537363537
